3617401
14
41354842
jseigneuret
675449
2016-08-09T21:04:28Z
26
12168431
4343591493
12158377
4343591455
252890704
252890703
4343591492
4343591494
252890702
4343591497
252890701
4343591499
252890700
4343591500
4343591501
252890699
4343591503
4343591504
252890698
252890697
252890696
252891420
252890695
252890694
252890693
12168431
3
name
Rond-Point Aqualand
highway
primary
junction
roundabout
3625513
12
41354842
jseigneuret
675449
2016-08-09T21:04:14Z
18
2018253054
718666678
12232952
12232953
12232960
647781228
727210201
727210225
12232962
12232963
12232964
727210160
12232965
12232966
12232967
2638517205
4343591612
12232968
3
ref
D 66
name
Avenue de la Mer
highway
tertiary
3625514
8
41354842
jseigneuret
675449
2016-08-09T21:04:31Z
29
12232949
4343591428
12160307
647786379
2018253066
12159161
12166110
2018253095
647786380
12165050
12164270
4343591444
12163238
4343591446
12170125
4343591442
12169069
12232944
4343591440
4343591439
4343591438
12232946
4343591432
4343591430
12232947
4343591429
12232948
720745408
12232949
2
highway
primary
junction
roundabout
3625515
22
63074301
zuphilip
8426259
2018-09-30T19:52:39Z
35
648264875
12162558
12159788
2985682099
12161015
12165820
12166594
4500078994
12163776
12168846
12169872
12166823
12167823
12157544
12158379
2638503846
5941285687
12155710
12156870
384948710
12161776
4500078672
12162566
12159812
384950506
12161038
12165810
1041494496
12166584
12163762
12168820
1391132919
12169865
12166807
12167812
2
ref
C 8
highway
unclassified
3625516
15
63806647
SelfishSeahorse
3078118
2018-10-23T18:35:09Z
49
485955444
485955442
485955440
1728756667
1728756691
485955438
1728839267
485955436
1728839266
485955434
485955433
485955431
1289462833
485955429
1728839303
485955027
1728839136
485955030
485955031
1728839221
485955034
1728839153
1728839313
485955036
485955038
485955428
1771443492
485955040
485955043
485955045
485955047
1728839283
4374764811
485955426
12155436
3832393715
3740015020
12156339
3740015017
3750035524
3740015125
3768655255
3740015011
12161311
12162196
2019938543
2019938542
2019938541
2019938544
2
name
Boulevard Edouard Seillon
highway
residential
3625517
28
66520179
manuel-128
8357704
2019-01-21T22:33:48Z
8
409810909
2338721680
2338721691
2338721690
2338721726
2338721683
2338721722
2338721734
4
ref
D 559
name
Route de Bandol
highway
secondary
oneway
yes
3625518
20
34830660
wikipole
379745
2015-10-23T21:48:30Z
31
2019925798
648436380
12158847
12157804
2673599583
12157032
2673599607
12156085
12162993
648436373
2641364114
12161962
12159587
12166172
12165399
661315666
2641364124
12170189
662148636
12169410
12168413
2641353825
12167609
662148558
2641349442
12158902
2641349449
3799959698
3799960732
2641349413
12157102
2
ref
D 87
highway
secondary
3626022
9
32530644
BTH
481447
2015-07-09T21:20:02Z
377
12232482
12232483
12232484
12232485
12232486
12232487
12232488
12232489
12232490
12232492
12169482
2858511798
12168446
12167439
12166452
12165457
12164430
12163365
12162363
12161371
12160424
12159372
12158209
3526271941
12157218
12156198
12170502
12169500
12168468
12167461
12166460
1317313197
1317313073
12165465
12164449
12163393
1317313092
12162417
3475529929
1317313218
12161409
12160451
3475529930
12159409
1317313229
12158258
12157255
3475529931
1317313257
12156345
12156278
1317313117
12157026
12157910
12158833
3076461652
12159884
12160717
12161614
3475529932
12162497
3076461334
12163358
12164279
3475529933
12165186
1317313182
12166118
3475529934
1317313356
12167010
3475529935
3076446068
12167867
12168751
12156288
12157100
3475529939
12157921
12158846
3475529941
1317313982
12159888
1317313077
12160762
12161653
3475529952
12162549
3475529957
3475529958
12163425
12164333
12165236
3475529960
12166142
12167027
3475529956
3475529953
12167890
12168773
3475529948
12169668
12157177
12158054
3475529938
12158914
3475529937
12159971
3475529936
12160801
12161682
12162527
12163395
3475529940
3076461366
12164331
3475529946
3475529949
12165234
12166121
12167014
3475529954
12167880
12168764
3475529955
12169689
12157118
12158006
3475529950
12158923
12159923
12160743
3475529944
12161640
3475529942
12162536
3475529943
12163498
3475529945
12164317
3475529947
12165332
3475529951
12166212
12167130
3475529959
12168001
3475529964
12168866
12169778
12155437
3475529968
12158016
12159025
12159999
12160771
12161767
12162547
12163535
12164359
3475529965
12165374
12166146
12167157
3475529961
12167912
3475529962
12168911
3475529963
12169699
12155462
12158034
3475529972
3475529973
12159033
3475529974
12160022
12160988
3475529976
12161774
3475529977
12162567
12163543
12164364
12165370
3475529975
3475529969
12166312
12167174
12167909
12168847
3475529966
12169871
3475529967
12155393
3475529970
12156408
12158998
3475529971
12160249
12160913
12161907
12162745
3475529978
12163502
12164563
12165331
12166330
3475529979
12167126
3475529981
12168117
12168869
3475529980
12169857
3475529982
12155382
12156393
12158977
3475529983
3475529984
12160232
3475529985
12160897
3475529986
12161897
12162672
3475532595
12163463
12164516
12165284
3475532594
12166308
12167076
12168085
12168825
12169859
12155362
3475532601
12156477
3475532596
12157297
12160028
12160883
12162001
12162919
12163515
12164640
12165542
12166194
3475529987
12167095
12168180
12169060
3475529991
3475529989
12169757
3475529988
12155358
12156510
12157340
3475529990
12160126
12160940
3475532593
12161998
12162909
3475529992
12163559
12164504
12165546
3475532597
12166204
3475532598
12167122
3475532599
3475532600
12168211
12169115
12169776
12155371
12156488
12157375
12158267
12160973
12161858
12162932
12163526
12164470
12165590
12166502
12167190
12168077
12169178
12170078
2317611629
12155466
12156377
12157401
12158248
12160967
12161825
12162978
12163847
12164531
12165439
12166548
12167149
12168033
12169135
12170060
12155399
12156410
12157336
12158336
12159391
12161930
12162826
12163823
12164495
12165521
12166498
12167511
12168047
12169030
12170053
12155815
12156343
12157254
12158257
12159403
12161870
12162874
12163816
12164861
12165403
12166396
12167414
12168420
12169055
12170089
12155792
1510254116
1510255351
12156332
12157238
12158243
3643373156
12161804
2798464249
12162849
12163794
12164871
12166419
12167421
12168432
12168959
12170025
2798464239
12155775
3643341923
12157233
12158216
12159377
12160433
12162815
12163792
12164829
12165827
12166364
12167399
12168400
12169416
12169960
12155455
12156355
12157625
2
ref
D 2
highway
secondary
3626023
3
12586430
Truchin
138059
2012-08-02T14:08:20Z
103
12157625
12158503
12159575
12160467
12162737
12163582
12164558
12165456
12166792
12167679
12168571
12169487
12169897
12155528
12156405
12157207
12158533
12159615
12160487
12161343
12163626
12164577
12165442
12166778
12167713
12168601
12169506
12170380
12155569
12156457
12157187
12158546
12159621
12160503
12161358
12163657
12164597
12165490
12166385
12167728
12168629
12169502
12170372
12155548
12156437
12157249
12158174
12159702
12160579
12161447
12162308
12164647
12165551
12166443
12167693
12168585
12169488
12170367
12156124
12156423
12157351
12158141
12159635
12160607
12161379
12162375
12164616
12165603
12166395
12167409
12168594
12169611
12170378
12156131
12156463
12157360
12158173
12159272
12160557
12161546
12162297
12163311
12165531
12166515
12167313
12168297
12169624
12170389
12156139
12156438
12157323
12159207
12160555
12161520
12162293
12163288
12165535
12166508
1848471024
1848471023
12167326
12168292
12169545
2
ref
D 2
highway
secondary
3626024
5
24001067
Truchin
138059
2014-07-07T10:26:32Z
102
12169545
12170600
1848471019
12156096
12157035
12157331
12158339
12159109
12160334
12161493
12162500
12163275
12164302
12166504
2274071126
12167510
12168284
12169302
12170534
12156304
12157106
12157275
12158169
12159485
12161448
12162327
12163439
12164361
12166431
12167314
12168434
12169354
12170459
12156112
12157119
12158001
12158183
12159118
12160395
12161242
12162346
12163228
12164421
12165304
12167385
12168265
12169352
12170451
12156155
12156979
12158027
12158197
12159127
12160410
12161241
12162341
12163244
12164420
12165282
12167372
12168255
12169385
12170290
12156172
12156990
2952238624
12158091
12158992
12159225
12160286
12161330
12162220
12163335
12164246
12165394
12166279
12168352
12169235
12170357
12156116
12157052
12158063
12159080
12159174
12160336
12161283
12162265
12163251
2952239262
12164275
12165311
12166317
12168279
12169270
12170284
12156054
12156954
12157946
12158974
12160223
12160261
12161206
2
ref
D 45A
highway
secondary
4121177
21
61370252
rando67
466374
2018-08-05T10:01:51Z
39
5810051618
897816114
897815963
897815763
25415025
897815988
897816478
897815475
25415241
897816002
897816451
1118046550
25415027
897815399
897815551
25415029
897816126
897815482
897815693
25415031
897816019
897815062
3046208882
25415032
2081409050
897815491
897815701
25415033
897816150
897815205
897815577
25415034
897816191
897815211
897815591
25415035
897816035
897816316
25415036
9
maxspeed
130
lanes
3
name
La Provençale
oneway
yes
lit
no
int_ref
E 80
toll
yes
ref
A 8
highway
motorway
4247559
8
15984684
sergio7826
411998
2013-05-05T13:47:27Z
4
25415212
2292420989
2292420991
987751225
3
ref
D 48
oneway
yes
highway
secondary
4249975
13
31969111
fmorel
331938
2015-06-14T19:07:22Z
6
25431408
25431409
60074400
25431410
25431411
446779470
8
ref
A 8
name
La Provençale
toll
yes
lanes
3
oneway
yes
highway
motorway
int_ref
E 80
maxspeed
130
4382625
44
42432910
A FRISETTI
4023601
2016-09-25T21:46:29Z
5
1077512099
249291431
390533753
249291432
249193432
20
ref
930000
name
Ligne de Marseille à Vintimille
gauge
1435
usage
main
oneway
yes
railway
rail
voltage
25000
maxspeed
150
operator
SNCF Réseau
frequency
50
importance
national
start_date
1862
electrified
contact_line
railway:kvb
yes
railway:radio
analogue
passenger_lines
2
railway:track_ref
1
railway:traffic_mode
mixed
railway:bidirectional
possible
railway:preferred_direction
forward
4448365
17
24540004
Vlad
24247
2014-08-04T17:20:37Z
34
59633450
59633451
2996248685
59633452
2996248683
59633453
59633454
2996248680
59633455
2996248678
59633456
257101691
59633457
59633458
59633459
59633460
59633461
59633462
59633463
59633464
59633465
2996248686
59633466
2996248689
59633467
458470686
59633468
59633469
2996248692
59633470
2336326271
2336326275
59633471
2336326284
8
ref
A 8
name
La Provençale
toll
yes
lanes
3
oneway
yes
highway
motorway
int_ref
E 80
maxspeed
130
4448366
17
24540004
Vlad
24247
2014-08-04T17:20:41Z
37
45132274
2996250164
45132279
2996250158
45132282
2996250154
45132286
45132289
45132292
45132295
45132298
45132301
45132307
2996248719
45132309
2996248717
45132313
45132318
45132322
2996248714
45132328
2996248711
45132333
2996248709
45132336
45132339
45132345
45132349
2996248705
45132355
2996248702
45132362
2996248700
45132367
2996248698
45132373
2336326291
8
ref
A 8
name
La Provençale
toll
yes
lanes
3
oneway
yes
highway
motorway
int_ref
E 80
maxspeed
130
4450023
22
42456169
A FRISETTI
4023601
2016-09-26T21:00:53Z
29
27557138
2438023649
27557139
2438043619
27557141
27557142
27557143
1135521550
27557144
27557145
27557146
27557147
27557148
27557149
1135521603
27557150
27557151
27557152
27557153
27557154
27557155
3816180742
2930601333
27557156
1582025509
27557157
27557158
27557159
27557160
20
ref
930000
name
Ligne de Marseille à Vintimille
gauge
1435
usage
main
oneway
yes
railway
rail
voltage
25000
maxspeed
95
operator
SNCF Réseau
frequency
50
importance
national
start_date
1863
electrified
contact_line
railway:kvb
yes
railway:radio
analogue
passenger_lines
2
railway:track_ref
1
railway:traffic_mode
mixed
railway:bidirectional
possible
railway:preferred_direction
forward
4520362
19
61476602
Sovxx
2749888
2018-08-08T17:58:21Z
5
28377210
28377211
5818641020
5818641019
1593107924
6
maxspeed
110
lanes
3
oneway
yes
toll
no
ref
A 50
highway
motorway
4520425
16
51491356
Vlad
24247
2017-08-27T20:07:23Z
6
27749298
1628398084
206144796
5062796417
206144795
2345283537
3
name
Avenue Lieutenant de Vaisseau d'Étienne d'Orves
oneway
yes
highway
primary
4520451
4
61476602
Sovxx
2749888
2018-08-08T17:58:20Z
11
1647277647
1647277652
27755652
1647277674
27755650
1647277696
1647277698
1647277707
1647277709
5818641013
27749144
2
highway
motorway_link
oneway
yes
4520714
15
48282093
T0FF
5759398
2017-04-30T14:03:46Z
3
27779325
2108161978
2108189455
4
name
Boulevard du Commandant Nicolas
lanes
2
highway
primary
surface
asphalt
4520715
13
48384927
Touriste
332517
2017-05-04T07:06:04Z
17
1628398059
1628398063
1628398061
1628398057
1628398043
1628398041
1628398036
1628398028
1628398006
1628397993
343057633
1628397964
1628397980
343057631
27749214
27749219
343057636
4
name
Avenue des Dardanelles
oneway
yes
highway
primary
surface
asphalt
4548344
24
61513941
Sovxx
2749888
2018-08-09T21:36:13Z
92
28376377
252895739
252896567
516738720
28376378
28376379
28376380
28376381
486046749
28376382
486046757
28376383
486046760
28376384
486033423
28376385
486033420
3425103633
28376386
3425103642
28376387
3425103630
486033388
486033415
28376388
486033390
28376389
486033403
486033406
486033391
28376390
5821484160
5821484159
486033393
1863735449
28376392
1863735384
1863735373
1863735321
28376393
28377146
486033411
28377147
486033430
28377148
486033426
28377150
28377151
28377152
486033435
486033432
486033441
28377153
486033438
28377154
1757223970
28377155
486033450
486033447
28377156
28377158
486033452
28377159
486033465
28377160
486033468
28377161
486033473
28377162
486041138
28377163
486041141
28377165
486041143
28377166
486041149
486041146
486041153
28377167
28377168
486041166
486041159
486041170
28377169
5818854569
5818854575
5818854568
5818854567
28377170
28377171
486041176
458714491
7
maxspeed
130
lanes
3
toll
yes
surface
asphalt
oneway
yes
ref
A 50
highway
motorway
4548345
18
61476602
Sovxx
2749888
2018-08-08T17:58:22Z
12
28377435
1593107932
301123658
1270320337
28377436
28377437
1270320339
28377438
2122758797
1270320949
2122758802
2122758803
11
horse
no
maxspeed
130
lanes
3
oneway
yes
surface
asphalt
cycleway
no
access
yes
toll
yes
bicycle
no
ref
A 50
highway
motorway
4548346
63
15639456
Dmitry2013
1185631
2013-04-07T12:24:27Z
2
28377828
252895299
5
ref
A 50
toll
yes
lanes
3
oneway
yes
highway
motorway
4548347
11
48282093
T0FF
5759398
2017-04-30T14:03:38Z
2
27779325
28377927
4
name
Avenue de l'Amiral Collet
oneway
yes
highway
primary
surface
asphalt
4604379
16
58619609
florian_g
53773
2018-05-02T16:18:40Z
7
27605287
27605288
2438048388
27605289
5592736212
27605290
27605291
20
railway:preferred_direction
forward
maxspeed
95
name
Ligne de Marseille à Vintimille
importance
national
passenger_lines
2
electrified
contact_line
railway:bidirectional
possible
railway:track_ref
1
operator
SNCF Réseau
frequency
50
gauge
1435
voltage
25000
oneway
yes
usage
main
railway
rail
railway:radio
analogue
ref
930000
start_date
1863
railway:traffic_mode
mixed
railway:kvb
yes
4649092
19
67615964
manuel-128
8357704
2019-02-27T12:26:22Z
3
27749107
2803798760
2670473079
5
old_ref
N 8
maxspeed
80
ref
D N8
highway
primary
source_ref
http://routes.wikia.com/wiki/Route_nationale_fran%C3%A7aise_8
4649093
12
67530246
manuel-128
8357704
2019-02-24T21:48:41Z
24
1863735446
1863735436
27749069
1863735423
1863735417
27749073
1863735404
27749076
27749089
1863735406
27749091
1863735426
1210124342
6299949554
27749095
1210124566
1863735456
1863735468
27749101
1863735466
6299949552
1863735454
2973720678
1863735446
2
junction
roundabout
highway
primary
4649094
6
67408609
manuel-128
8357704
2019-02-20T21:35:59Z
4
27749089
1863735396
1863735393
27749107
4
old_ref
N 8
ref
D N8
highway
primary
oneway
yes
4649979
19
65101074
baptistemm
343811
2018-12-02T17:35:18Z
128
262404023
3714167105
1774463692
2407945378
1774463697
287517901
287517342
1386749274
287517903
287517905
4372050787
287517907
287517909
287517912
5053171079
287517350
287517914
287517916
287517918
287517920
287517355
287517356
287517357
287517922
287517360
287517361
287517924
287517364
287517926
287517928
287517930
287517932
287517934
287517370
287517937
287517939
4977254964
287517374
287517375
287517376
287517377
287517378
287517379
287517381
287517941
287517383
287517384
287517943
287517387
287517388
287517389
287517390
287517391
287517944
287517394
287517395
287517397
287517398
2532179466
287517945
2532179467
287517946
287517947
287517948
287517403
287517949
287517950
287517406
287517951
287517410
287517411
287517412
1775214181
287517414
1775214183
287517415
1775214184
1775214186
287517952
287517417
287517418
287517953
287517954
287517955
287517956
287517957
287517426
1775214198
287517958
287517428
287517959
287517960
287517961
287517962
287517963
287517964
287517965
1774463824
287517966
287517438
287517967
287517440
1774463831
287517441
1774463834
1774463838
287517442
1774463843
287517443
1774463864
3497555849
287517444
3497378710
287517445
27316336
27316335
27316334
27316333
27316332
6111159841
3497378543
27316331
27316330
345411624
345411615
27316329
819337009
27316320
4
maxspeed
50
name
Chemin de Clavary
highway
unclassified
maxweight
19
4649994
4
11188880
sergio7826
411998
2012-04-05T12:47:21Z
6
27315786
998119035
27315787
998119373
27315788
27315660
3
name
Chemin de la Tuilière
source
cadastre-dgi-fr source : Direction Générale des Impots - Cadastre ; mise à jour : 2010
highway
residential
4649997
5
9189203
Vlad
24247
2011-09-01T22:33:58Z
2
27315778
1420503275
2
source
cadastre-dgi-fr source : Direction Générale des Impots - Cadastre ; mise à jour : 2010
highway
residential
4649998
5
21675087
Vlad
24247
2014-04-13T21:35:24Z
10
27315778
27315779
27315780
27315781
27315782
27315784
27315785
2789346702
2789346701
27315774
3
name
Avenue des Roses
source
cadastre-dgi-fr source : Direction Générale des Impots - Cadastre ; mise à jour : 2010
highway
residential
4649999
4
9189203
Vlad
24247
2011-09-01T22:33:56Z
4
27315881
27315882
27315777
27315778
3
name
Chemin des Noyers
source
cadastre-dgi-fr source : Direction Générale des Impots - Cadastre ; mise à jour : 2010
highway
residential
4650000
4
11193188
sergio7826
411998
2012-04-05T19:14:53Z
9
27315867
27315866
27315865
27315864
998119941
27315777
998120158
998119114
27315786
3
name
Chemin des Martelly
source
cadastre-dgi-fr source : Direction Générale des Impots - Cadastre ; mise à jour : 2010
highway
residential
4650001
5
11188880
sergio7826
411998
2012-04-05T12:47:27Z
8
27315787
998119208
27315792
1420503295
1420503290
1702635267
1702635259
27315781
2
name
Traverse des Martelly
highway
residential
4650002
8
64795328
baptistemm
343811
2018-11-22T22:13:08Z
27
262402816
262402817
262402818
262402819
262402820
262402821
262402822
262402823
6083640621
998119346
262402824
998119474
998120212
262402826
262402827
262402828
262402829
6083640631
262402830
262402605
998120018
262402831
27315789
27315790
998119807
27315791
27315786
5
source
cadastre-dgi-fr source : Direction Générale des Impots - Cadastre ; mise à jour : 2010
maxspeed
30
name
Chemin de la Tuilière
highway
residential
maxweight
9
4650003
4
9189203
Vlad
24247
2011-09-01T22:33:55Z
9
27315789
998119777
998120002
998120222
998118964
27315888
27315887
27315886
27315881
3
name
Chemin de l'Avère
source
cadastre-dgi-fr source : Direction Générale des Impots - Cadastre ; mise à jour : 2010
highway
residential
4650004
6
21675087
Vlad
24247
2014-04-13T21:35:24Z
13
262403999
2789346696
1367763960
1367763959
1367763957
2789346694
27315875
998120141
27315876
27315878
27315879
27315880
27315881
4
name
Chemin de l'Avère
source
cadastre-dgi-fr source : Direction Générale des Impots - Cadastre ; mise à jour : 2010
highway
residential
maxweight
9
4650005
2
284158
Djam
24982
2008-03-08T13:47:57Z
2
27315875
27315874
2
highway
residential
created_by
Potlatch 0.7b
4650006
6
21675087
Vlad
24247
2014-04-13T21:35:26Z
8
1367763958
2789346690
1367763956
27315874
998119321
27315870
27315871
27315864
4
name
Promenade des Prés Vergers
source
cadastre-dgi-fr source : Direction Générale des Impots - Cadastre ; mise à jour : 2010
highway
residential
maxweight
9
4650007
6
8954691
Vlad
24247
2011-08-08T08:22:46Z
2
998119579
1128639618
4
name
Chemin des Moulières
oneway
yes
source
cadastre-dgi-fr source : Direction Générale des Impots - Cadastre ; mise à jour : 2010
highway
residential
4650012
10
62323935
Zaurus
8647044
2018-09-05T20:28:36Z
22
260693126
5885508047
5548302928
260693176
5885508067
998119934
260693177
260693178
260693179
260693180
2789346684
260693221
260693181
27315945
998119319
1703208934
27315944
2789346687
27315943
27315942
1786532581
27315941
2
ref
D 209
highway
tertiary
4752219
2
9016653
Vlad
24247
2011-08-14T14:39:02Z
14
30315702
30315813
30315814
1398654947
1398654955
30315815
1398654985
1398654993
30315816
1398655003
1398655006
30315817
1398654996
30315702
1
natural
coastline
4829844
28
63830541
jseigneuret
675449
2018-10-24T12:24:14Z
157
31055000
6009910573
6009910574
31055001
6009910577
6009910578
6009910579
6009910576
6009910575
31055004
6009910581
6009910580
6009910797
6009910584
6009910583
6009910582
6009910785
6009910786
6009910787
31055005
6009910788
6009910791
6009910790
6009910789
6009910796
6009910815
6009910813
6009910814
6009910812
6009910811
6009910810
6009910816
31055006
6009910809
6009910808
31055007
6009910794
6009910793
6009910792
6009910795
31055010
6009910380
6009910377
6009910376
6009910375
6009910374
6009910378
6009910379
6009910373
6009910372
6009910371
6009910370
6009910369
31055013
6009910365
6009910366
6009910367
6009910368
31055014
6009910364
6009910485
6009910384
6009910383
6009910491
6009910381
6009910382
6009910490
6009910489
6009910488
6009910487
6009910486
31055017
6009910492
6009910493
6009910357
31055025
1187936814
1187936784
31055027
331599861
31055072
831026169
31055075
1187936771
1187936714
31055077
1187936837
1187936831
1187936816
831026182
1187936744
1187936675
1187936774
331599862
1187936692
1187936790
1187936767
1187936709
1187936763
331599863
1187936850
31055087
1187936818
31055089
1187936773
1187936733
31055091
31055095
331599864
331599865
331599866
31055105
31055109
31055112
331599867
31055119
307392518
31055125
632491056
527177767
632491060
632491069
632491065
632491073
307392284
31055165
632491076
307392520
632491077
632491078
31055174
632491081
31055177
31055178
31055179
5993197597
5993197601
5993197600
5993197598
31055181
5993197599
5993197602
5993197603
5993197604
31055186
5993197610
1187703390
31055188
1187703196
5993069452
307392285
331599868
5993069451
31055191
1187703205
1187703254
317487601
1
natural
coastline
4878196
10
41765006
tanonin
1195061
2016-08-28T21:43:39Z
5
2330068900
3364679732
4343591609
4372571821
12164073
5
ref
D 66
name
Rue du Port
oneway
no
source
cadastre-dgi-fr source : Direction Générale des Impôts - Cadastre;mise à jour : 2010
highway
service
4878208
8
41354842
jseigneuret
675449
2016-08-09T21:04:20Z
9
2016906916
12166033
12165250
516556962
12164233
4343591600
12163438
12170096
661574334
4
ref
D 1559
oneway
no
highway
secondary
maxspeed
70
4878234
9
41354842
jseigneuret
675449
2016-08-09T21:04:25Z
17
252890703
12156656
726834857
12161565
4343591453
12162081
4343591452
12159265
12160383
12165177
12166536
12163583
726834769
12164523
4343591443
4343591441
12232944
3
ref
D 559
oneway
yes
highway
primary
4878236
5
4645629
Markiel
30785
2010-05-09T08:24:08Z
9
12232953
12232954
726835588
726835589
727210162
727210227
727210151
727210217
727210198
1
highway
residential
4878362
10
41788596
tanonin
1195061
2016-08-29T21:21:25Z
27
12164073
4343591603
2330068883
12168384
12157726
2330068881
2330068879
2330068877
12160406
4372605245
4373857428
2330068875
4373857433
2330068873
2330068870
649076226
4374795556
2330068868
4374795551
2330068867
2330068865
647781207
4374795569
2330068863
4374795563
4374795562
649073544
3
name
Boulevard de la Plage
oneway
yes
highway
residential
4878364
3
29010443
herveb22
1923337
2015-02-21T22:46:12Z
2
12160406
12165116
3
name
Allée des Oliviers
oneway
yes
highway
residential
4878367
13
41788856
tanonin
1195061
2016-08-29T21:36:07Z
15
649073607
12168374
4374818487
2330068851
2330068849
4374824199
4374824203
4374824207
4374824205
4372618144
2330068838
4373857427
2330068836
2330068830
661315508
3
name
Boulevard de la Plage
oneway
yes
highway
tertiary
4944781
16
31442378
dahu83
371756
2015-05-25T11:27:17Z
3
32587304
3544213403
32587310
3
ref
D 13
name
Rue Mistral
highway
residential
4944782
5
39407825
rando67
466374
2016-05-18T18:19:02Z
3
32587318
4193974615
4193974614
2
ref
D 13
highway
residential
4955229
7
62929667
florian_g
53773
2018-09-25T22:55:59Z
25
32687127
5930276145
32687142
32687143
1773899092
32687144
32687149
32687150
5930276143
5930276144
2195397176
32687151
5930276142
5930276141
32687152
5930276140
331197797
331197799
5930276139
331197802
5930276137
5930276138
5930276136
5930276135
331197804
2
name
Boulevard des Myrtes Anthéor
highway
residential
4955232
4
40982303
Florian_G
53773
2016-07-24T01:50:26Z
8
32687127
4317737215
32687155
32687156
4317737211
32687157
32687158
4317737214
2
name
Avenue du Corail
highway
residential
4955266
4
11442560
sergio7826
411998
2012-04-28T17:01:34Z
16
32687662
32687647
32687648
32687649
32687650
32687651
32687652
32687653
32687654
32687656
32687657
32687658
32687659
32687660
32687661
32687662
1
natural
water
4955269
6
10186543
sergio7826
411998
2011-12-23T11:59:45Z
24
32687715
32687716
32687717
32687718
32687719
331461792
331461793
331461794
331461795
331461796
331461797
32687720
32687721
32687722
331461799
331461800
32687723
32687724
331461801
331461802
32687725
331461803
331461804
32687715
1
natural
water
4955279
28
58077380
florian_g
53773
2018-04-13T22:40:19Z
4
32688591
5074240942
32688596
32688542
5
old_ref
D 1098; N 98
ref
D 559
name
Route de la Corniche
highway
primary
oneway
yes
4955289
9
58088024
florian_g
53773
2018-04-14T13:18:26Z
23
2448163145
32688312
32688313
2448163150
2448163155
365549234
2448163160
32688314
32688315
2448163154
365549377
2448163158
32688316
2448163164
32688317
2448163178
2448163189
5552476850
32688318
2448163219
2448163248
2448163296
32688319
1
highway
service
4955290
2
10528780
Patchi
591881
2012-01-29T11:45:42Z
24
32688335
1610158566
1610158559
1610158558
32688336
1610158554
1610158547
1610158544
32688330
1610158540
1610158542
32688331
1610158548
1610158555
32688332
1610158561
1610158564
1610158568
32688333
1610158571
1610158586
32688334
1610158583
32688335
2
highway
residential
junction
roundabout
4955292
4
40981495
Florian_G
53773
2016-07-24T00:02:57Z
2
1610158561
32688326
2
oneway
yes
highway
unclassified
4955293
5
58077380
florian_g
53773
2018-04-13T21:56:57Z
18
2450377202
2450377206
2450377212
2450377208
2450377203
676838084
32688344
2448163496
32688345
2448163490
2448163487
32688346
32688338
32688339
32688340
32688341
32688342
2450377202
1
amenity
parking
4955295
5
40981495
Florian_G
53773
2016-07-24T00:02:59Z
9
32688335
4317689805
32688348
4317689807
32688349
1610158588
2448163501
2450377210
32688343
1
highway
service
4955296
2
17704575
zerpou
1238664
2013-09-06T14:55:45Z
5
32688366
32688367
32688368
32688370
32688366
2
sport
tennis
leisure
pitch
4955318
2
23109766
fmorel
331938
2014-06-23T19:52:26Z
5
32688478
32688479
32688480
32688481
32688478
2
sport
tennis
leisure
pitch
4955319
2
23109766
fmorel
331938
2014-06-23T19:52:26Z
5
32688483
32688484
32688485
32688486
32688483
2
sport
tennis
leisure
pitch
4955320
4
40981495
Florian_G
53773
2016-07-24T00:02:58Z
3
32688488
4317689802
1610158544
2
oneway
yes
highway
unclassified
4955327
9
59305672
Kalaallit Nunaat
400383
2018-05-27T04:16:35Z
44
32688488
32688517
32688518
32688519
32688520
5551425370
32688521
5551425369
32688522
5551425368
32688523
5551425367
32688524
4770356200
32688525
32688526
4770356201
32688527
4770356202
365555023
32688528
4770356203
32688529
4770356204
5562210425
32688530
32688531
5562210435
4770356205
4770356206
32688532
32688533
4770356207
4770356208
32688534
4770356019
4770356209
32688535
32688536
4770356210
4770356211
4770356212
32688537
365551409
1
highway
unclassified
4955331
14
65319737
Pa413
688484
2018-12-09T16:55:20Z
5
32688591
32688584
6126644816
6126644817
32688585
2
junction
roundabout
highway
primary
4955343
12
41293304
Florian_G
53773
2016-08-06T20:08:28Z
28
1494271546
32688670
32688671
32688672
4338867707
32688673
32688674
32688675
32688676
30317736
30317737
32688658
32688659
32688660
331593054
331593044
331592978
331592920
331592851
331592850
32688662
32688663
32688664
32688665
32688666
1494271549
1494271547
1494271546
2
name
Port de Santa Lucia - Bassin Nord
leisure
marina
4956412
20
61370252
rando67
466374
2018-08-05T10:01:52Z
1093
32692695
32692697
32692698
32692699
32692700
32692701
32692702
32692703
32692704
32692705
32692706
32692707
32692708
32692709
32692710
32692711
32692712
32692713
32692714
32692715
32692716
32692717
32692718
32692719
32692720
32692721
32692722
32692723
32692724
32692725
32692726
32692727
32692728
32692729
32692730
32692731
32692732
32692733
32692734
32692735
32692736
32692737
32692738
32692739
32692740
32692741
32692742
32692743
32692744
32692745
32692746
32692747
32692748
32692749
32692750
32692751
32692752
32692753
32692754
32692755
32692756
32692757
32692758
32692759
32692760
32692761
32692762
32692763
32692764
32692765
32692766
32692767
32692768
32692769
32692770
32692771
32692772
32692773
32692774
4732772203
32692775
32692776
32692777
4732772204
32692778
32692779
32692780
4732772169
4732772168
32692781
32692782
4732772167
32692783
4732772166
32692784
4732772206
4732772205
4732772165
32692785
4732772207
4732772208
32692786
4732772209
32692787
4732772210
4732772211
4732772212
4732772213
4732772214
4732772215
4732772216
4732772217
4732772218
4732772219
4732772328
4732772220
4732772321
4732772322
4732772323
4732772324
4732772325
4732772326
32692788
4732772327
4732772156
4732772162
32692789
4732772329
32692790
32692791
4732772333
4732772332
4732772334
32692792
4732772335
32692793
4732772336
4732772175
32692794
32692795
4732772337
32692796
4732772352
4732772351
32692797
4732772194
32692798
4732772193
32692799
4732772350
32692800
4732772349
4732772348
4732772347
32692801
4732772338
4732772339
4732772340
4732772346
4732772341
4732772342
4732772345
4732772343
4732772344
32692802
4732772353
4732772354
32692803
4732772355
4732772192
4732772195
32692804
32692805
4732772196
32692806
32692807
32692808
32692809
4732772356
32692810
32692811
32692812
32692813
32692814
32692815
4732772358
32692816
4732772357
4732772367
4732772366
4732772363
4732772364
32692817
4732772362
4732772361
4732772365
4732772372
4732772371
32692818
4732772369
4732772359
4732772360
4732772370
32692819
4732772368
32692820
32692821
4732772373
32692822
32692823
4732772374
32692824
32692825
4732772375
32692826
4732772376
32692827
32692828
4732772383
4732772377
32692829
4732772132
32692830
4732772382
32692831
4732772379
4732772381
4732772380
32692832
32692833
32692834
4732772378
32692835
32692836
32692837
32692838
4732772011
32692839
32692840
4732772130
32692841
32692842
4732772129
32692843
32692844
4732772128
4732772127
4732772126
4732772125
4732772124
32692845
4732772123
32692846
4732772122
4732772121
4732772020
32692847
4732772019
4732772018
32692848
4732772017
4732772016
32692849
4732771984
4732772015
4732771980
4732771981
32692850
32692851
32692852
4732772010
32692853
32692854
32692855
32692856
32692857
32692858
32692859
32692860
32692861
32692862
4732771974
4732771973
32692863
32692864
4732771971
4732771970
4732771972
32692865
32692866
4732771996
4732771968
4732771994
4732771997
32692867
4732771995
4732771993
32692868
4732771992
32692869
4732771991
32692870
4732771990
4732771989
32692871
4732771960
32692872
32692873
32692874
32692875
4732771969
4732771988
32692876
32692877
4732771987
32692878
32692879
32692880
4732771986
32692881
32692882
4732771985
32692883
4732771925
32692884
4732771924
4732771923
32692885
32692886
32692887
32692888
32692889
32692890
32692891
32692892
32692893
32692894
32692895
32692896
32692897
32692898
32692899
32692900
32692901
32692902
32692903
32692904
32692905
32692906
32692907
32692908
32692909
32692910
32692911
32692912
32692913
32692914
32692915
32692916
32692917
32692918
32692919
32692920
32692921
32692922
32692923
32692924
32692925
32692926
32692927
32692928
32692929
32692930
32692931
32692932
32692933
32692934
32692935
32692936
32692937
32692938
32692939
32692940
32692941
32692942
32692943
32692944
32692945
32692946
32692947
32692948
32692949
32692950
32692951
32692952
32692953
32692954
32692955
32692956
32692957
32692958
32692959
32692960
32692961
32692962
32692963
32692964
32692965
32692966
32692967
32692968
771429039
32692969
32692970
32692971
32692972
32692973
32692974
32692975
32692976
32692977
32692978
32692979
32692980
32692981
32692982
32692983
32692984
32692985
32692986
32692987
32692988
32692989
32692990
32692991
32692992
32692993
32692994
32692995
32692996
771445136
32692997
32692998
32692999
771445131
32693000
32693001
771429069
771429082
771429111
32693002
32693003
32693004
32693005
32693006
771429106
32693007
771429025
771429050
32693008
771429084
32693009
32693010
32693011
32693012
771429055
32693013
32693014
32693015
32693016
32693017
771952789
32693018
32693019
32693020
32693021
32693022
32693023
32693024
32693025
32693026
771429091
32693027
32693028
32693029
32693030
32693031
32693032
32693033
32693034
32693035
32693036
32693037
32693038
32693039
32693040
32693041
32693042
32693043
32693044
32693045
32693046
32693047
32693048
32693049
32693050
32693051
32693052
32693053
32693054
32693055
32693056
32693057
32693058
32693059
32693060
32693061
32693062
32693063
32693064
32693065
32693066
32693067
32693068
32693069
32693070
32693071
32693072
32693073
32693074
32693075
32693076
32693077
32693078
32693079
32693080
32693081
32693082
32693083
32693084
32693085
32693086
32693087
32693088
32693089
32693090
32693091
32693092
32693093
32693094
32693095
32693096
32693097
32693098
32693099
32693100
32693101
5810051223
5810051224
5810051225
5810051226
5810051227
5810051228
5810051229
5810051230
5810051231
5810051232
5810051233
5810051234
5810051235
523727604
5810051236
5810051237
5810051238
5810051239
5810051240
5810051241
5810051242
5810051243
5810051244
5810051245
5810051246
5810051247
5810051248
5810051249
5810051250
5810051251
5810051252
5810051553
5810051554
5810051555
5810051556
5810051557
5810051558
5810051559
5810051560
5810051561
5810051562
5810051563
5810051564
5810051565
5810051566
32693112
32693113
32693114
32693115
32693116
32693117
32693118
32693119
32693120
32693121
32693122
32693123
32693124
32693125
32693126
32693127
32693128
32693129
32693130
32693131
32693132
32693133
32693134
32693135
32693136
32693137
32693138
32693139
32693140
523727579
32693141
32693142
32693143
771952854
32693144
32693145
32693146
32693147
32693148
32693149
32693150
32693151
32693152
32693153
32693154
32693155
4386498892
32693156
32693157
32693158
32693159
32693160
32693161
771952837
32693162
32693163
32693164
32693165
32693166
32693167
32693168
32693169
32693170
32693171
32693172
32693173
32693174
32693175
32693176
32693177
32693178
32693179
32693180
32693182
32693183
32693184
32693185
32693186
32693187
32693188
32693189
771952833
771952858
771952814
771952808
32693190
771952812
32693191
32693192
32693193
32693194
32693195
32693196
32693197
32693198
32693199
32693200
32693201
32693202
32693203
32693204
771952840
32693205
32693206
32693207
32693208
32693209
32693210
32693211
32693212
32693213
32693214
32693215
771952831
771952860
771952848
32693216
32693217
32693218
32693219
771952801
32693220
32693221
523727532
32693222
523724481
32693223
32693224
32693225
32693226
32693227
32693228
32693229
32693230
32693231
32693232
32693233
32693234
771952827
32693235
771952846
771952863
32693236
32693237
32693238
32693239
32693240
32693241
32693242
32693243
32693244
32693245
32693246
32693247
2788390578
32693248
32693249
32693250
2788390569
2788390564
2788390567
32693251
2788390571
32693252
32693253
32693254
32693255
32693256
32693257
32693258
32693259
32693260
32693261
32693262
32693263
32693264
32693265
959901131
32693266
32693267
32693268
771952843
32693269
32693270
771952819
32693271
771952794
32693272
32693273
32693274
32693275
32693276
32693277
32693278
771952786
32693279
32693280
771952781
32693281
32693282
32693283
771952821
771952851
32693284
32693285
32693286
32693287
32693288
32693289
32693290
32693291
32693292
3309194245
3309194244
3309194242
3309194241
32693298
829264712
3309194234
3309194232
3309194233
3309194235
3309194221
3309194216
3309194217
559762010
32693304
32693305
32693306
32693307
32693308
32693309
32693310
32693311
32693312
32693313
32693314
32693315
32693316
32693317
32693318
32693319
32693320
32693321
32693322
32693323
32693324
32693325
32693326
32693327
32693328
32693329
32693330
32693331
32693332
32693333
32693334
32693335
32693336
32693337
32693338
32693339
32693340
32693341
32693342
32693343
32693344
32693345
32693346
32693347
32693348
32693349
32693350
32693351
32693352
32693353
32693354
32693355
32693356
32693357
32693358
32693359
32693360
32693361
32693362
32693363
32693364
32693365
32693366
32693367
32693368
32693369
32693370
32693371
32693372
32693373
32693374
32693375
32693376
32693377
32693378
32693379
32693380
32693381
32693382
32693383
32693384
32693385
32693386
32693387
32693388
32693389
32693390
32693391
32693392
32693393
32693394
32693395
32693396
32693397
32693398
32693399
32693400
4386498889
32693401
4386498388
32693402
32693403
32693404
32693405
32693406
32693407
32693408
32693409
32693410
32693411
32693412
32693413
32693414
32693415
32693416
32693417
32693418
32693419
32693420
32693421
32693422
32693423
32693424
32693425
32693426
32693427
32693428
32693429
32693430
32693431
32693432
32693433
32693434
32693435
32693436
32693437
32693438
32693439
32693440
32693441
32693442
32693443
32693444
32693445
32693446
32693447
32693448
32693449
32693450
32693451
32693452
32693453
32693454
32693455
32693456
32693457
32693458
32693459
32693460
32693461
32693462
32693463
32693464
32693465
32693466
32693467
32693468
32693469
32693470
32693471
32693472
32693473
32693474
32693475
32693476
32693477
32693478
32693479
32693480
32693481
32693482
32693483
32693484
32693485
32693486
32693487
32693488
32693489
32693490
32693491
32693492
32693493
32693494
32693495
32693496
32693497
32693498
32693499
32693500
32693501
32693502
32693503
32693504
32693505
32693506
32693507
32693508
32693509
32693510
32693511
32693512
32693513
32693514
32693515
32693516
32693517
32693518
32693519
32693520
32693521
32693522
32693523
32693524
32693525
32693526
32693527
32693528
32693529
32693530
32693531
32693532
32693533
32693534
32693535
3667034002
3667034001
3667034000
3667033998
3667033995
3667033991
3667033985
3667033979
3667033977
3667033970
3667033968
3667033972
3667033976
3667033975
3667033971
3667033973
3667033983
3667033988
3667033990
3667033987
3667033963
3667033962
32693538
32693539
32693540
32693541
32693542
32693543
2283907941
360389309
32692695
0
4956548
7
14921299
sergio7826
411998
2013-02-05T12:23:42Z
29
32694931
32694932
32694933
32694934
32694935
32694936
32694937
32694938
32694939
32694940
32694941
2006147587
32694942
32694943
32694944
32694945
2006147583
32694946
32694947
32694948
32694949
32694950
32694951
32694952
32694953
32694954
32694955
32694956
32694931
3
name
Lac de l'Écureuil
waterway
riverbank
description
Lac vidé depuis 2009 suite fissure dans le barrage
