3625515
22
63074301
zuphilip
8426259
2018-09-30T19:52:39Z
35
648264875
12162558
12159788
2985682099
12161015
12165820
12166594
4500078994
12163776
12168846
12169872
12166823
12167823
12157544
12158379
2638503846
5941285687
12155710
12156870
384948710
12161776
4500078672
12162566
12159812
384950506
12161038
12165810
1041494496
12166584
12163762
12168820
1391132919
12169865
12166807
12167812
2
ref
C 8
highway
unclassified
4649979
19
65101074
baptistemm
343811
2018-12-02T17:35:18Z
128
262404023
3714167105
1774463692
2407945378
1774463697
287517901
287517342
1386749274
287517903
287517905
4372050787
287517907
287517909
287517912
5053171079
287517350
287517914
287517916
287517918
287517920
287517355
287517356
287517357
287517922
287517360
287517361
287517924
287517364
287517926
287517928
287517930
287517932
287517934
287517370
287517937
287517939
4977254964
287517374
287517375
287517376
287517377
287517378
287517379
287517381
287517941
287517383
287517384
287517943
287517387
287517388
287517389
287517390
287517391
287517944
287517394
287517395
287517397
287517398
2532179466
287517945
2532179467
287517946
287517947
287517948
287517403
287517949
287517950
287517406
287517951
287517410
287517411
287517412
1775214181
287517414
1775214183
287517415
1775214184
1775214186
287517952
287517417
287517418
287517953
287517954
287517955
287517956
287517957
287517426
1775214198
287517958
287517428
287517959
287517960
287517961
287517962
287517963
287517964
287517965
1774463824
287517966
287517438
287517967
287517440
1774463831
287517441
1774463834
1774463838
287517442
1774463843
287517443
1774463864
3497555849
287517444
3497378710
287517445
27316336
27316335
27316334
27316333
27316332
6111159841
3497378543
27316331
27316330
345411624
345411615
27316329
819337009
27316320
4
maxspeed
50
name
Chemin de Clavary
highway
unclassified
maxweight
19
4955292
4
40981495
Florian_G
53773
2016-07-24T00:02:57Z
2
1610158561
32688326
2
oneway
yes
highway
unclassified
4955320
4
40981495
Florian_G
53773
2016-07-24T00:02:58Z
3
32688488
4317689802
1610158544
2
oneway
yes
highway
unclassified
4955327
9
59305672
Kalaallit Nunaat
400383
2018-05-27T04:16:35Z
44
32688488
32688517
32688518
32688519
32688520
5551425370
32688521
5551425369
32688522
5551425368
32688523
5551425367
32688524
4770356200
32688525
32688526
4770356201
32688527
4770356202
365555023
32688528
4770356203
32688529
4770356204
5562210425
32688530
32688531
5562210435
4770356205
4770356206
32688532
32688533
4770356207
4770356208
32688534
4770356019
4770356209
32688535
32688536
4770356210
4770356211
4770356212
32688537
365551409
1
highway
unclassified
