4121177
21
61370252
rando67
466374
2018-08-05T10:01:51Z
39
5810051618
897816114
897815963
897815763
25415025
897815988
897816478
897815475
25415241
897816002
897816451
1118046550
25415027
897815399
897815551
25415029
897816126
897815482
897815693
25415031
897816019
897815062
3046208882
25415032
2081409050
897815491
897815701
25415033
897816150
897815205
897815577
25415034
897816191
897815211
897815591
25415035
897816035
897816316
25415036
9
maxspeed
130
lanes
3
name
La Provençale
oneway
yes
lit
no
int_ref
E 80
toll
yes
ref
A 8
highway
motorway
4249975
13
31969111
fmorel
331938
2015-06-14T19:07:22Z
6
25431408
25431409
60074400
25431410
25431411
446779470
8
ref
A 8
name
La Provençale
toll
yes
lanes
3
oneway
yes
highway
motorway
int_ref
E 80
maxspeed
130
4448365
17
24540004
Vlad
24247
2014-08-04T17:20:37Z
34
59633450
59633451
2996248685
59633452
2996248683
59633453
59633454
2996248680
59633455
2996248678
59633456
257101691
59633457
59633458
59633459
59633460
59633461
59633462
59633463
59633464
59633465
2996248686
59633466
2996248689
59633467
458470686
59633468
59633469
2996248692
59633470
2336326271
2336326275
59633471
2336326284
8
ref
A 8
name
La Provençale
toll
yes
lanes
3
oneway
yes
highway
motorway
int_ref
E 80
maxspeed
130
4448366
17
24540004
Vlad
24247
2014-08-04T17:20:41Z
37
45132274
2996250164
45132279
2996250158
45132282
2996250154
45132286
45132289
45132292
45132295
45132298
45132301
45132307
2996248719
45132309
2996248717
45132313
45132318
45132322
2996248714
45132328
2996248711
45132333
2996248709
45132336
45132339
45132345
45132349
2996248705
45132355
2996248702
45132362
2996248700
45132367
2996248698
45132373
2336326291
8
ref
A 8
name
La Provençale
toll
yes
lanes
3
oneway
yes
highway
motorway
int_ref
E 80
maxspeed
130
4520362
19
61476602
Sovxx
2749888
2018-08-08T17:58:21Z
5
28377210
28377211
5818641020
5818641019
1593107924
6
maxspeed
110
lanes
3
oneway
yes
toll
no
ref
A 50
highway
motorway
4548344
24
61513941
Sovxx
2749888
2018-08-09T21:36:13Z
92
28376377
252895739
252896567
516738720
28376378
28376379
28376380
28376381
486046749
28376382
486046757
28376383
486046760
28376384
486033423
28376385
486033420
3425103633
28376386
3425103642
28376387
3425103630
486033388
486033415
28376388
486033390
28376389
486033403
486033406
486033391
28376390
5821484160
5821484159
486033393
1863735449
28376392
1863735384
1863735373
1863735321
28376393
28377146
486033411
28377147
486033430
28377148
486033426
28377150
28377151
28377152
486033435
486033432
486033441
28377153
486033438
28377154
1757223970
28377155
486033450
486033447
28377156
28377158
486033452
28377159
486033465
28377160
486033468
28377161
486033473
28377162
486041138
28377163
486041141
28377165
486041143
28377166
486041149
486041146
486041153
28377167
28377168
486041166
486041159
486041170
28377169
5818854569
5818854575
5818854568
5818854567
28377170
28377171
486041176
458714491
7
maxspeed
130
lanes
3
toll
yes
surface
asphalt
oneway
yes
ref
A 50
highway
motorway
4548345
18
61476602
Sovxx
2749888
2018-08-08T17:58:22Z
12
28377435
1593107932
301123658
1270320337
28377436
28377437
1270320339
28377438
2122758797
1270320949
2122758802
2122758803
11
horse
no
maxspeed
130
lanes
3
oneway
yes
surface
asphalt
cycleway
no
access
yes
toll
yes
bicycle
no
ref
A 50
highway
motorway
4548346
63
15639456
Dmitry2013
1185631
2013-04-07T12:24:27Z
2
28377828
252895299
5
ref
A 50
toll
yes
lanes
3
oneway
yes
highway
motorway
