3625513
12
41354842
jseigneuret
675449
2016-08-09T21:04:14Z
18
2018253054
718666678
12232952
12232953
12232960
647781228
727210201
727210225
12232962
12232963
12232964
727210160
12232965
12232966
12232967
2638517205
4343591612
12232968
3
ref
D 66
name
Avenue de la Mer
highway
tertiary
4650012
10
62323935
Zaurus
8647044
2018-09-05T20:28:36Z
22
260693126
5885508047
5548302928
260693176
5885508067
998119934
260693177
260693178
260693179
260693180
2789346684
260693221
260693181
27315945
998119319
1703208934
27315944
2789346687
27315943
27315942
1786532581
27315941
2
ref
D 209
highway
tertiary
4878367
13
41788856
tanonin
1195061
2016-08-29T21:36:07Z
15
649073607
12168374
4374818487
2330068851
2330068849
4374824199
4374824203
4374824207
4374824205
4372618144
2330068838
4373857427
2330068836
2330068830
661315508
3
name
Boulevard de la Plage
oneway
yes
highway
tertiary
