4752219
2
9016653
Vlad
24247
2011-08-14T14:39:02Z
14
30315702
30315813
30315814
1398654947
1398654955
30315815
1398654985
1398654993
30315816
1398655003
1398655006
30315817
1398654996
30315702
1
natural
coastline
4752219
2
9016653
Vlad
24247
2011-08-14T14:39:02Z
14
30315702
30315813
30315814
1398654947
1398654955
30315815
1398654985
1398654993
30315816
1398655003
1398655006
30315817
1398654996
30315702
1
natural
coastline
4752219
2
9016653
Vlad
24247
2011-08-14T14:39:02Z
14
30315702
30315813
30315814
1398654947
1398654955
30315815
1398654985
1398654993
30315816
1398655003
1398655006
30315817
1398654996
30315702
1
natural
coastline
4752219
2
9016653
Vlad
24247
2011-08-14T14:39:02Z
14
30315702
30315813
30315814
1398654947
1398654955
30315815
1398654985
1398654993
30315816
1398655003
1398655006
30315817
1398654996
30315702
1
natural
coastline
4752219
2
9016653
Vlad
24247
2011-08-14T14:39:02Z
14
30315702
30315813
30315814
1398654947
1398654955
30315815
1398654985
1398654993
30315816
1398655003
1398655006
30315817
1398654996
30315702
1
natural
coastline
4752219
2
9016653
Vlad
24247
2011-08-14T14:39:02Z
14
30315702
30315813
30315814
1398654947
1398654955
30315815
1398654985
1398654993
30315816
1398655003
1398655006
30315817
1398654996
30315702
1
natural
coastline
4752219
2
9016653
Vlad
24247
2011-08-14T14:39:02Z
14
30315702
30315813
30315814
1398654947
1398654955
30315815
1398654985
1398654993
30315816
1398655003
1398655006
30315817
1398654996
30315702
1
natural
coastline
4752219
2
9016653
Vlad
24247
2011-08-14T14:39:02Z
14
30315702
30315813
30315814
1398654947
1398654955
30315815
1398654985
1398654993
30315816
1398655003
1398655006
30315817
1398654996
30315702
1
natural
coastline
4752219
2
9016653
Vlad
24247
2011-08-14T14:39:02Z
14
30315702
30315813
30315814
1398654947
1398654955
30315815
1398654985
1398654993
30315816
1398655003
1398655006
30315817
1398654996
30315702
1
natural
coastline
4752219
2
9016653
Vlad
24247
2011-08-14T14:39:02Z
14
30315702
30315813
30315814
1398654947
1398654955
30315815
1398654985
1398654993
30315816
1398655003
1398655006
30315817
1398654996
30315702
1
natural
coastline
4829844
28
63830541
jseigneuret
675449
2018-10-24T12:24:14Z
157
31055000
6009910573
6009910574
31055001
6009910577
6009910578
6009910579
6009910576
6009910575
31055004
6009910581
6009910580
6009910797
6009910584
6009910583
6009910582
6009910785
6009910786
6009910787
31055005
6009910788
6009910791
6009910790
6009910789
6009910796
6009910815
6009910813
6009910814
6009910812
6009910811
6009910810
6009910816
31055006
6009910809
6009910808
31055007
6009910794
6009910793
6009910792
6009910795
31055010
6009910380
6009910377
6009910376
6009910375
6009910374
6009910378
6009910379
6009910373
6009910372
6009910371
6009910370
6009910369
31055013
6009910365
6009910366
6009910367
6009910368
31055014
6009910364
6009910485
6009910384
6009910383
6009910491
6009910381
6009910382
6009910490
6009910489
6009910488
6009910487
6009910486
31055017
6009910492
6009910493
6009910357
31055025
1187936814
1187936784
31055027
331599861
31055072
831026169
31055075
1187936771
1187936714
31055077
1187936837
1187936831
1187936816
831026182
1187936744
1187936675
1187936774
331599862
1187936692
1187936790
1187936767
1187936709
1187936763
331599863
1187936850
31055087
1187936818
31055089
1187936773
1187936733
31055091
31055095
331599864
331599865
331599866
31055105
31055109
31055112
331599867
31055119
307392518
31055125
632491056
527177767
632491060
632491069
632491065
632491073
307392284
31055165
632491076
307392520
632491077
632491078
31055174
632491081
31055177
31055178
31055179
5993197597
5993197601
5993197600
5993197598
31055181
5993197599
5993197602
5993197603
5993197604
31055186
5993197610
1187703390
31055188
1187703196
5993069452
307392285
331599868
5993069451
31055191
1187703205
1187703254
317487601
1
natural
coastline
4829844
28
63830541
jseigneuret
675449
2018-10-24T12:24:14Z
157
31055000
6009910573
6009910574
31055001
6009910577
6009910578
6009910579
6009910576
6009910575
31055004
6009910581
6009910580
6009910797
6009910584
6009910583
6009910582
6009910785
6009910786
6009910787
31055005
6009910788
6009910791
6009910790
6009910789
6009910796
6009910815
6009910813
6009910814
6009910812
6009910811
6009910810
6009910816
31055006
6009910809
6009910808
31055007
6009910794
6009910793
6009910792
6009910795
31055010
6009910380
6009910377
6009910376
6009910375
6009910374
6009910378
6009910379
6009910373
6009910372
6009910371
6009910370
6009910369
31055013
6009910365
6009910366
6009910367
6009910368
31055014
6009910364
6009910485
6009910384
6009910383
6009910491
6009910381
6009910382
6009910490
6009910489
6009910488
6009910487
6009910486
31055017
6009910492
6009910493
6009910357
31055025
1187936814
1187936784
31055027
331599861
31055072
831026169
31055075
1187936771
1187936714
31055077
1187936837
1187936831
1187936816
831026182
1187936744
1187936675
1187936774
331599862
1187936692
1187936790
1187936767
1187936709
1187936763
331599863
1187936850
31055087
1187936818
31055089
1187936773
1187936733
31055091
31055095
331599864
331599865
331599866
31055105
31055109
31055112
331599867
31055119
307392518
31055125
632491056
527177767
632491060
632491069
632491065
632491073
307392284
31055165
632491076
307392520
632491077
632491078
31055174
632491081
31055177
31055178
31055179
5993197597
5993197601
5993197600
5993197598
31055181
5993197599
5993197602
5993197603
5993197604
31055186
5993197610
1187703390
31055188
1187703196
5993069452
307392285
331599868
5993069451
31055191
1187703205
1187703254
317487601
1
natural
coastline
4829844
28
63830541
jseigneuret
675449
2018-10-24T12:24:14Z
157
31055000
6009910573
6009910574
31055001
6009910577
6009910578
6009910579
6009910576
6009910575
31055004
6009910581
6009910580
6009910797
6009910584
6009910583
6009910582
6009910785
6009910786
6009910787
31055005
6009910788
6009910791
6009910790
6009910789
6009910796
6009910815
6009910813
6009910814
6009910812
6009910811
6009910810
6009910816
31055006
6009910809
6009910808
31055007
6009910794
6009910793
6009910792
6009910795
31055010
6009910380
6009910377
6009910376
6009910375
6009910374
6009910378
6009910379
6009910373
6009910372
6009910371
6009910370
6009910369
31055013
6009910365
6009910366
6009910367
6009910368
31055014
6009910364
6009910485
6009910384
6009910383
6009910491
6009910381
6009910382
6009910490
6009910489
6009910488
6009910487
6009910486
31055017
6009910492
6009910493
6009910357
31055025
1187936814
1187936784
31055027
331599861
31055072
831026169
31055075
1187936771
1187936714
31055077
1187936837
1187936831
1187936816
831026182
1187936744
1187936675
1187936774
331599862
1187936692
1187936790
1187936767
1187936709
1187936763
331599863
1187936850
31055087
1187936818
31055089
1187936773
1187936733
31055091
31055095
331599864
331599865
331599866
31055105
31055109
31055112
331599867
31055119
307392518
31055125
632491056
527177767
632491060
632491069
632491065
632491073
307392284
31055165
632491076
307392520
632491077
632491078
31055174
632491081
31055177
31055178
31055179
5993197597
5993197601
5993197600
5993197598
31055181
5993197599
5993197602
5993197603
5993197604
31055186
5993197610
1187703390
31055188
1187703196
5993069452
307392285
331599868
5993069451
31055191
1187703205
1187703254
317487601
1
natural
coastline
4829844
28
63830541
jseigneuret
675449
2018-10-24T12:24:14Z
157
31055000
6009910573
6009910574
31055001
6009910577
6009910578
6009910579
6009910576
6009910575
31055004
6009910581
6009910580
6009910797
6009910584
6009910583
6009910582
6009910785
6009910786
6009910787
31055005
6009910788
6009910791
6009910790
6009910789
6009910796
6009910815
6009910813
6009910814
6009910812
6009910811
6009910810
6009910816
31055006
6009910809
6009910808
31055007
6009910794
6009910793
6009910792
6009910795
31055010
6009910380
6009910377
6009910376
6009910375
6009910374
6009910378
6009910379
6009910373
6009910372
6009910371
6009910370
6009910369
31055013
6009910365
6009910366
6009910367
6009910368
31055014
6009910364
6009910485
6009910384
6009910383
6009910491
6009910381
6009910382
6009910490
6009910489
6009910488
6009910487
6009910486
31055017
6009910492
6009910493
6009910357
31055025
1187936814
1187936784
31055027
331599861
31055072
831026169
31055075
1187936771
1187936714
31055077
1187936837
1187936831
1187936816
831026182
1187936744
1187936675
1187936774
331599862
1187936692
1187936790
1187936767
1187936709
1187936763
331599863
1187936850
31055087
1187936818
31055089
1187936773
1187936733
31055091
31055095
331599864
331599865
331599866
31055105
31055109
31055112
331599867
31055119
307392518
31055125
632491056
527177767
632491060
632491069
632491065
632491073
307392284
31055165
632491076
307392520
632491077
632491078
31055174
632491081
31055177
31055178
31055179
5993197597
5993197601
5993197600
5993197598
31055181
5993197599
5993197602
5993197603
5993197604
31055186
5993197610
1187703390
31055188
1187703196
5993069452
307392285
331599868
5993069451
31055191
1187703205
1187703254
317487601
1
natural
coastline
4829844
28
63830541
jseigneuret
675449
2018-10-24T12:24:14Z
157
31055000
6009910573
6009910574
31055001
6009910577
6009910578
6009910579
6009910576
6009910575
31055004
6009910581
6009910580
6009910797
6009910584
6009910583
6009910582
6009910785
6009910786
6009910787
31055005
6009910788
6009910791
6009910790
6009910789
6009910796
6009910815
6009910813
6009910814
6009910812
6009910811
6009910810
6009910816
31055006
6009910809
6009910808
31055007
6009910794
6009910793
6009910792
6009910795
31055010
6009910380
6009910377
6009910376
6009910375
6009910374
6009910378
6009910379
6009910373
6009910372
6009910371
6009910370
6009910369
31055013
6009910365
6009910366
6009910367
6009910368
31055014
6009910364
6009910485
6009910384
6009910383
6009910491
6009910381
6009910382
6009910490
6009910489
6009910488
6009910487
6009910486
31055017
6009910492
6009910493
6009910357
31055025
1187936814
1187936784
31055027
331599861
31055072
831026169
31055075
1187936771
1187936714
31055077
1187936837
1187936831
1187936816
831026182
1187936744
1187936675
1187936774
331599862
1187936692
1187936790
1187936767
1187936709
1187936763
331599863
1187936850
31055087
1187936818
31055089
1187936773
1187936733
31055091
31055095
331599864
331599865
331599866
31055105
31055109
31055112
331599867
31055119
307392518
31055125
632491056
527177767
632491060
632491069
632491065
632491073
307392284
31055165
632491076
307392520
632491077
632491078
31055174
632491081
31055177
31055178
31055179
5993197597
5993197601
5993197600
5993197598
31055181
5993197599
5993197602
5993197603
5993197604
31055186
5993197610
1187703390
31055188
1187703196
5993069452
307392285
331599868
5993069451
31055191
1187703205
1187703254
317487601
1
natural
coastline
4829844
28
63830541
jseigneuret
675449
2018-10-24T12:24:14Z
157
31055000
6009910573
6009910574
31055001
6009910577
6009910578
6009910579
6009910576
6009910575
31055004
6009910581
6009910580
6009910797
6009910584
6009910583
6009910582
6009910785
6009910786
6009910787
31055005
6009910788
6009910791
6009910790
6009910789
6009910796
6009910815
6009910813
6009910814
6009910812
6009910811
6009910810
6009910816
31055006
6009910809
6009910808
31055007
6009910794
6009910793
6009910792
6009910795
31055010
6009910380
6009910377
6009910376
6009910375
6009910374
6009910378
6009910379
6009910373
6009910372
6009910371
6009910370
6009910369
31055013
6009910365
6009910366
6009910367
6009910368
31055014
6009910364
6009910485
6009910384
6009910383
6009910491
6009910381
6009910382
6009910490
6009910489
6009910488
6009910487
6009910486
31055017
6009910492
6009910493
6009910357
31055025
1187936814
1187936784
31055027
331599861
31055072
831026169
31055075
1187936771
1187936714
31055077
1187936837
1187936831
1187936816
831026182
1187936744
1187936675
1187936774
331599862
1187936692
1187936790
1187936767
1187936709
1187936763
331599863
1187936850
31055087
1187936818
31055089
1187936773
1187936733
31055091
31055095
331599864
331599865
331599866
31055105
31055109
31055112
331599867
31055119
307392518
31055125
632491056
527177767
632491060
632491069
632491065
632491073
307392284
31055165
632491076
307392520
632491077
632491078
31055174
632491081
31055177
31055178
31055179
5993197597
5993197601
5993197600
5993197598
31055181
5993197599
5993197602
5993197603
5993197604
31055186
5993197610
1187703390
31055188
1187703196
5993069452
307392285
331599868
5993069451
31055191
1187703205
1187703254
317487601
1
natural
coastline
4829844
28
63830541
jseigneuret
675449
2018-10-24T12:24:14Z
157
31055000
6009910573
6009910574
31055001
6009910577
6009910578
6009910579
6009910576
6009910575
31055004
6009910581
6009910580
6009910797
6009910584
6009910583
6009910582
6009910785
6009910786
6009910787
31055005
6009910788
6009910791
6009910790
6009910789
6009910796
6009910815
6009910813
6009910814
6009910812
6009910811
6009910810
6009910816
31055006
6009910809
6009910808
31055007
6009910794
6009910793
6009910792
6009910795
31055010
6009910380
6009910377
6009910376
6009910375
6009910374
6009910378
6009910379
6009910373
6009910372
6009910371
6009910370
6009910369
31055013
6009910365
6009910366
6009910367
6009910368
31055014
6009910364
6009910485
6009910384
6009910383
6009910491
6009910381
6009910382
6009910490
6009910489
6009910488
6009910487
6009910486
31055017
6009910492
6009910493
6009910357
31055025
1187936814
1187936784
31055027
331599861
31055072
831026169
31055075
1187936771
1187936714
31055077
1187936837
1187936831
1187936816
831026182
1187936744
1187936675
1187936774
331599862
1187936692
1187936790
1187936767
1187936709
1187936763
331599863
1187936850
31055087
1187936818
31055089
1187936773
1187936733
31055091
31055095
331599864
331599865
331599866
31055105
31055109
31055112
331599867
31055119
307392518
31055125
632491056
527177767
632491060
632491069
632491065
632491073
307392284
31055165
632491076
307392520
632491077
632491078
31055174
632491081
31055177
31055178
31055179
5993197597
5993197601
5993197600
5993197598
31055181
5993197599
5993197602
5993197603
5993197604
31055186
5993197610
1187703390
31055188
1187703196
5993069452
307392285
331599868
5993069451
31055191
1187703205
1187703254
317487601
1
natural
coastline
4829844
28
63830541
jseigneuret
675449
2018-10-24T12:24:14Z
157
31055000
6009910573
6009910574
31055001
6009910577
6009910578
6009910579
6009910576
6009910575
31055004
6009910581
6009910580
6009910797
6009910584
6009910583
6009910582
6009910785
6009910786
6009910787
31055005
6009910788
6009910791
6009910790
6009910789
6009910796
6009910815
6009910813
6009910814
6009910812
6009910811
6009910810
6009910816
31055006
6009910809
6009910808
31055007
6009910794
6009910793
6009910792
6009910795
31055010
6009910380
6009910377
6009910376
6009910375
6009910374
6009910378
6009910379
6009910373
6009910372
6009910371
6009910370
6009910369
31055013
6009910365
6009910366
6009910367
6009910368
31055014
6009910364
6009910485
6009910384
6009910383
6009910491
6009910381
6009910382
6009910490
6009910489
6009910488
6009910487
6009910486
31055017
6009910492
6009910493
6009910357
31055025
1187936814
1187936784
31055027
331599861
31055072
831026169
31055075
1187936771
1187936714
31055077
1187936837
1187936831
1187936816
831026182
1187936744
1187936675
1187936774
331599862
1187936692
1187936790
1187936767
1187936709
1187936763
331599863
1187936850
31055087
1187936818
31055089
1187936773
1187936733
31055091
31055095
331599864
331599865
331599866
31055105
31055109
31055112
331599867
31055119
307392518
31055125
632491056
527177767
632491060
632491069
632491065
632491073
307392284
31055165
632491076
307392520
632491077
632491078
31055174
632491081
31055177
31055178
31055179
5993197597
5993197601
5993197600
5993197598
31055181
5993197599
5993197602
5993197603
5993197604
31055186
5993197610
1187703390
31055188
1187703196
5993069452
307392285
331599868
5993069451
31055191
1187703205
1187703254
317487601
1
natural
coastline
4829844
28
63830541
jseigneuret
675449
2018-10-24T12:24:14Z
157
31055000
6009910573
6009910574
31055001
6009910577
6009910578
6009910579
6009910576
6009910575
31055004
6009910581
6009910580
6009910797
6009910584
6009910583
6009910582
6009910785
6009910786
6009910787
31055005
6009910788
6009910791
6009910790
6009910789
6009910796
6009910815
6009910813
6009910814
6009910812
6009910811
6009910810
6009910816
31055006
6009910809
6009910808
31055007
6009910794
6009910793
6009910792
6009910795
31055010
6009910380
6009910377
6009910376
6009910375
6009910374
6009910378
6009910379
6009910373
6009910372
6009910371
6009910370
6009910369
31055013
6009910365
6009910366
6009910367
6009910368
31055014
6009910364
6009910485
6009910384
6009910383
6009910491
6009910381
6009910382
6009910490
6009910489
6009910488
6009910487
6009910486
31055017
6009910492
6009910493
6009910357
31055025
1187936814
1187936784
31055027
331599861
31055072
831026169
31055075
1187936771
1187936714
31055077
1187936837
1187936831
1187936816
831026182
1187936744
1187936675
1187936774
331599862
1187936692
1187936790
1187936767
1187936709
1187936763
331599863
1187936850
31055087
1187936818
31055089
1187936773
1187936733
31055091
31055095
331599864
331599865
331599866
31055105
31055109
31055112
331599867
31055119
307392518
31055125
632491056
527177767
632491060
632491069
632491065
632491073
307392284
31055165
632491076
307392520
632491077
632491078
31055174
632491081
31055177
31055178
31055179
5993197597
5993197601
5993197600
5993197598
31055181
5993197599
5993197602
5993197603
5993197604
31055186
5993197610
1187703390
31055188
1187703196
5993069452
307392285
331599868
5993069451
31055191
1187703205
1187703254
317487601
1
natural
coastline
4829844
28
63830541
jseigneuret
675449
2018-10-24T12:24:14Z
157
31055000
6009910573
6009910574
31055001
6009910577
6009910578
6009910579
6009910576
6009910575
31055004
6009910581
6009910580
6009910797
6009910584
6009910583
6009910582
6009910785
6009910786
6009910787
31055005
6009910788
6009910791
6009910790
6009910789
6009910796
6009910815
6009910813
6009910814
6009910812
6009910811
6009910810
6009910816
31055006
6009910809
6009910808
31055007
6009910794
6009910793
6009910792
6009910795
31055010
6009910380
6009910377
6009910376
6009910375
6009910374
6009910378
6009910379
6009910373
6009910372
6009910371
6009910370
6009910369
31055013
6009910365
6009910366
6009910367
6009910368
31055014
6009910364
6009910485
6009910384
6009910383
6009910491
6009910381
6009910382
6009910490
6009910489
6009910488
6009910487
6009910486
31055017
6009910492
6009910493
6009910357
31055025
1187936814
1187936784
31055027
331599861
31055072
831026169
31055075
1187936771
1187936714
31055077
1187936837
1187936831
1187936816
831026182
1187936744
1187936675
1187936774
331599862
1187936692
1187936790
1187936767
1187936709
1187936763
331599863
1187936850
31055087
1187936818
31055089
1187936773
1187936733
31055091
31055095
331599864
331599865
331599866
31055105
31055109
31055112
331599867
31055119
307392518
31055125
632491056
527177767
632491060
632491069
632491065
632491073
307392284
31055165
632491076
307392520
632491077
632491078
31055174
632491081
31055177
31055178
31055179
5993197597
5993197601
5993197600
5993197598
31055181
5993197599
5993197602
5993197603
5993197604
31055186
5993197610
1187703390
31055188
1187703196
5993069452
307392285
331599868
5993069451
31055191
1187703205
1187703254
317487601
1
natural
coastline
4955266
4
11442560
sergio7826
411998
2012-04-28T17:01:34Z
16
32687662
32687647
32687648
32687649
32687650
32687651
32687652
32687653
32687654
32687656
32687657
32687658
32687659
32687660
32687661
32687662
1
natural
water
4955266
4
11442560
sergio7826
411998
2012-04-28T17:01:34Z
16
32687662
32687647
32687648
32687649
32687650
32687651
32687652
32687653
32687654
32687656
32687657
32687658
32687659
32687660
32687661
32687662
1
natural
water
4955266
4
11442560
sergio7826
411998
2012-04-28T17:01:34Z
16
32687662
32687647
32687648
32687649
32687650
32687651
32687652
32687653
32687654
32687656
32687657
32687658
32687659
32687660
32687661
32687662
1
natural
water
4955266
4
11442560
sergio7826
411998
2012-04-28T17:01:34Z
16
32687662
32687647
32687648
32687649
32687650
32687651
32687652
32687653
32687654
32687656
32687657
32687658
32687659
32687660
32687661
32687662
1
natural
water
4955266
4
11442560
sergio7826
411998
2012-04-28T17:01:34Z
16
32687662
32687647
32687648
32687649
32687650
32687651
32687652
32687653
32687654
32687656
32687657
32687658
32687659
32687660
32687661
32687662
1
natural
water
4955266
4
11442560
sergio7826
411998
2012-04-28T17:01:34Z
16
32687662
32687647
32687648
32687649
32687650
32687651
32687652
32687653
32687654
32687656
32687657
32687658
32687659
32687660
32687661
32687662
1
natural
water
4955266
4
11442560
sergio7826
411998
2012-04-28T17:01:34Z
16
32687662
32687647
32687648
32687649
32687650
32687651
32687652
32687653
32687654
32687656
32687657
32687658
32687659
32687660
32687661
32687662
1
natural
water
4955266
4
11442560
sergio7826
411998
2012-04-28T17:01:34Z
16
32687662
32687647
32687648
32687649
32687650
32687651
32687652
32687653
32687654
32687656
32687657
32687658
32687659
32687660
32687661
32687662
1
natural
water
4955266
4
11442560
sergio7826
411998
2012-04-28T17:01:34Z
16
32687662
32687647
32687648
32687649
32687650
32687651
32687652
32687653
32687654
32687656
32687657
32687658
32687659
32687660
32687661
32687662
1
natural
water
4955266
4
11442560
sergio7826
411998
2012-04-28T17:01:34Z
16
32687662
32687647
32687648
32687649
32687650
32687651
32687652
32687653
32687654
32687656
32687657
32687658
32687659
32687660
32687661
32687662
1
natural
water
4955269
6
10186543
sergio7826
411998
2011-12-23T11:59:45Z
24
32687715
32687716
32687717
32687718
32687719
331461792
331461793
331461794
331461795
331461796
331461797
32687720
32687721
32687722
331461799
331461800
32687723
32687724
331461801
331461802
32687725
331461803
331461804
32687715
1
natural
water
4955269
6
10186543
sergio7826
411998
2011-12-23T11:59:45Z
24
32687715
32687716
32687717
32687718
32687719
331461792
331461793
331461794
331461795
331461796
331461797
32687720
32687721
32687722
331461799
331461800
32687723
32687724
331461801
331461802
32687725
331461803
331461804
32687715
1
natural
water
4955269
6
10186543
sergio7826
411998
2011-12-23T11:59:45Z
24
32687715
32687716
32687717
32687718
32687719
331461792
331461793
331461794
331461795
331461796
331461797
32687720
32687721
32687722
331461799
331461800
32687723
32687724
331461801
331461802
32687725
331461803
331461804
32687715
1
natural
water
4955269
6
10186543
sergio7826
411998
2011-12-23T11:59:45Z
24
32687715
32687716
32687717
32687718
32687719
331461792
331461793
331461794
331461795
331461796
331461797
32687720
32687721
32687722
331461799
331461800
32687723
32687724
331461801
331461802
32687725
331461803
331461804
32687715
1
natural
water
4955269
6
10186543
sergio7826
411998
2011-12-23T11:59:45Z
24
32687715
32687716
32687717
32687718
32687719
331461792
331461793
331461794
331461795
331461796
331461797
32687720
32687721
32687722
331461799
331461800
32687723
32687724
331461801
331461802
32687725
331461803
331461804
32687715
1
natural
water
4955269
6
10186543
sergio7826
411998
2011-12-23T11:59:45Z
24
32687715
32687716
32687717
32687718
32687719
331461792
331461793
331461794
331461795
331461796
331461797
32687720
32687721
32687722
331461799
331461800
32687723
32687724
331461801
331461802
32687725
331461803
331461804
32687715
1
natural
water
4955269
6
10186543
sergio7826
411998
2011-12-23T11:59:45Z
24
32687715
32687716
32687717
32687718
32687719
331461792
331461793
331461794
331461795
331461796
331461797
32687720
32687721
32687722
331461799
331461800
32687723
32687724
331461801
331461802
32687725
331461803
331461804
32687715
1
natural
water
4955269
6
10186543
sergio7826
411998
2011-12-23T11:59:45Z
24
32687715
32687716
32687717
32687718
32687719
331461792
331461793
331461794
331461795
331461796
331461797
32687720
32687721
32687722
331461799
331461800
32687723
32687724
331461801
331461802
32687725
331461803
331461804
32687715
1
natural
water
4955269
6
10186543
sergio7826
411998
2011-12-23T11:59:45Z
24
32687715
32687716
32687717
32687718
32687719
331461792
331461793
331461794
331461795
331461796
331461797
32687720
32687721
32687722
331461799
331461800
32687723
32687724
331461801
331461802
32687725
331461803
331461804
32687715
1
natural
water
4955269
6
10186543
sergio7826
411998
2011-12-23T11:59:45Z
24
32687715
32687716
32687717
32687718
32687719
331461792
331461793
331461794
331461795
331461796
331461797
32687720
32687721
32687722
331461799
331461800
32687723
32687724
331461801
331461802
32687725
331461803
331461804
32687715
1
natural
water
