4955293
5
58077380
florian_g
53773
2018-04-13T21:56:57Z
18
2450377202
2450377206
2450377212
2450377208
2450377203
676838084
32688344
2448163496
32688345
2448163490
2448163487
32688346
32688338
32688339
32688340
32688341
32688342
2450377202
1
amenity
parking
4955293
5
58077380
florian_g
53773
2018-04-13T21:56:57Z
18
2450377202
2450377206
2450377212
2450377208
2450377203
676838084
32688344
2448163496
32688345
2448163490
2448163487
32688346
32688338
32688339
32688340
32688341
32688342
2450377202
1
amenity
parking
4955293
5
58077380
florian_g
53773
2018-04-13T21:56:57Z
18
2450377202
2450377206
2450377212
2450377208
2450377203
676838084
32688344
2448163496
32688345
2448163490
2448163487
32688346
32688338
32688339
32688340
32688341
32688342
2450377202
1
amenity
parking
4955293
5
58077380
florian_g
53773
2018-04-13T21:56:57Z
18
2450377202
2450377206
2450377212
2450377208
2450377203
676838084
32688344
2448163496
32688345
2448163490
2448163487
32688346
32688338
32688339
32688340
32688341
32688342
2450377202
1
amenity
parking
4955293
5
58077380
florian_g
53773
2018-04-13T21:56:57Z
18
2450377202
2450377206
2450377212
2450377208
2450377203
676838084
32688344
2448163496
32688345
2448163490
2448163487
32688346
32688338
32688339
32688340
32688341
32688342
2450377202
1
amenity
parking
4955293
5
58077380
florian_g
53773
2018-04-13T21:56:57Z
18
2450377202
2450377206
2450377212
2450377208
2450377203
676838084
32688344
2448163496
32688345
2448163490
2448163487
32688346
32688338
32688339
32688340
32688341
32688342
2450377202
1
amenity
parking
4955293
5
58077380
florian_g
53773
2018-04-13T21:56:57Z
18
2450377202
2450377206
2450377212
2450377208
2450377203
676838084
32688344
2448163496
32688345
2448163490
2448163487
32688346
32688338
32688339
32688340
32688341
32688342
2450377202
1
amenity
parking
