3625517
28
66520179
manuel-128
8357704
2019-01-21T22:33:48Z
8
409810909
2338721680
2338721691
2338721690
2338721726
2338721683
2338721722
2338721734
4
ref
D 559
name
Route de Bandol
highway
secondary
oneway
yes
3625518
20
34830660
wikipole
379745
2015-10-23T21:48:30Z
31
2019925798
648436380
12158847
12157804
2673599583
12157032
2673599607
12156085
12162993
648436373
2641364114
12161962
12159587
12166172
12165399
661315666
2641364124
12170189
662148636
12169410
12168413
2641353825
12167609
662148558
2641349442
12158902
2641349449
3799959698
3799960732
2641349413
12157102
2
ref
D 87
highway
secondary
3626022
9
32530644
BTH
481447
2015-07-09T21:20:02Z
377
12232482
12232483
12232484
12232485
12232486
12232487
12232488
12232489
12232490
12232492
12169482
2858511798
12168446
12167439
12166452
12165457
12164430
12163365
12162363
12161371
12160424
12159372
12158209
3526271941
12157218
12156198
12170502
12169500
12168468
12167461
12166460
1317313197
1317313073
12165465
12164449
12163393
1317313092
12162417
3475529929
1317313218
12161409
12160451
3475529930
12159409
1317313229
12158258
12157255
3475529931
1317313257
12156345
12156278
1317313117
12157026
12157910
12158833
3076461652
12159884
12160717
12161614
3475529932
12162497
3076461334
12163358
12164279
3475529933
12165186
1317313182
12166118
3475529934
1317313356
12167010
3475529935
3076446068
12167867
12168751
12156288
12157100
3475529939
12157921
12158846
3475529941
1317313982
12159888
1317313077
12160762
12161653
3475529952
12162549
3475529957
3475529958
12163425
12164333
12165236
3475529960
12166142
12167027
3475529956
3475529953
12167890
12168773
3475529948
12169668
12157177
12158054
3475529938
12158914
3475529937
12159971
3475529936
12160801
12161682
12162527
12163395
3475529940
3076461366
12164331
3475529946
3475529949
12165234
12166121
12167014
3475529954
12167880
12168764
3475529955
12169689
12157118
12158006
3475529950
12158923
12159923
12160743
3475529944
12161640
3475529942
12162536
3475529943
12163498
3475529945
12164317
3475529947
12165332
3475529951
12166212
12167130
3475529959
12168001
3475529964
12168866
12169778
12155437
3475529968
12158016
12159025
12159999
12160771
12161767
12162547
12163535
12164359
3475529965
12165374
12166146
12167157
3475529961
12167912
3475529962
12168911
3475529963
12169699
12155462
12158034
3475529972
3475529973
12159033
3475529974
12160022
12160988
3475529976
12161774
3475529977
12162567
12163543
12164364
12165370
3475529975
3475529969
12166312
12167174
12167909
12168847
3475529966
12169871
3475529967
12155393
3475529970
12156408
12158998
3475529971
12160249
12160913
12161907
12162745
3475529978
12163502
12164563
12165331
12166330
3475529979
12167126
3475529981
12168117
12168869
3475529980
12169857
3475529982
12155382
12156393
12158977
3475529983
3475529984
12160232
3475529985
12160897
3475529986
12161897
12162672
3475532595
12163463
12164516
12165284
3475532594
12166308
12167076
12168085
12168825
12169859
12155362
3475532601
12156477
3475532596
12157297
12160028
12160883
12162001
12162919
12163515
12164640
12165542
12166194
3475529987
12167095
12168180
12169060
3475529991
3475529989
12169757
3475529988
12155358
12156510
12157340
3475529990
12160126
12160940
3475532593
12161998
12162909
3475529992
12163559
12164504
12165546
3475532597
12166204
3475532598
12167122
3475532599
3475532600
12168211
12169115
12169776
12155371
12156488
12157375
12158267
12160973
12161858
12162932
12163526
12164470
12165590
12166502
12167190
12168077
12169178
12170078
2317611629
12155466
12156377
12157401
12158248
12160967
12161825
12162978
12163847
12164531
12165439
12166548
12167149
12168033
12169135
12170060
12155399
12156410
12157336
12158336
12159391
12161930
12162826
12163823
12164495
12165521
12166498
12167511
12168047
12169030
12170053
12155815
12156343
12157254
12158257
12159403
12161870
12162874
12163816
12164861
12165403
12166396
12167414
12168420
12169055
12170089
12155792
1510254116
1510255351
12156332
12157238
12158243
3643373156
12161804
2798464249
12162849
12163794
12164871
12166419
12167421
12168432
12168959
12170025
2798464239
12155775
3643341923
12157233
12158216
12159377
12160433
12162815
12163792
12164829
12165827
12166364
12167399
12168400
12169416
12169960
12155455
12156355
12157625
2
ref
D 2
highway
secondary
3626023
3
12586430
Truchin
138059
2012-08-02T14:08:20Z
103
12157625
12158503
12159575
12160467
12162737
12163582
12164558
12165456
12166792
12167679
12168571
12169487
12169897
12155528
12156405
12157207
12158533
12159615
12160487
12161343
12163626
12164577
12165442
12166778
12167713
12168601
12169506
12170380
12155569
12156457
12157187
12158546
12159621
12160503
12161358
12163657
12164597
12165490
12166385
12167728
12168629
12169502
12170372
12155548
12156437
12157249
12158174
12159702
12160579
12161447
12162308
12164647
12165551
12166443
12167693
12168585
12169488
12170367
12156124
12156423
12157351
12158141
12159635
12160607
12161379
12162375
12164616
12165603
12166395
12167409
12168594
12169611
12170378
12156131
12156463
12157360
12158173
12159272
12160557
12161546
12162297
12163311
12165531
12166515
12167313
12168297
12169624
12170389
12156139
12156438
12157323
12159207
12160555
12161520
12162293
12163288
12165535
12166508
1848471024
1848471023
12167326
12168292
12169545
2
ref
D 2
highway
secondary
3626024
5
24001067
Truchin
138059
2014-07-07T10:26:32Z
102
12169545
12170600
1848471019
12156096
12157035
12157331
12158339
12159109
12160334
12161493
12162500
12163275
12164302
12166504
2274071126
12167510
12168284
12169302
12170534
12156304
12157106
12157275
12158169
12159485
12161448
12162327
12163439
12164361
12166431
12167314
12168434
12169354
12170459
12156112
12157119
12158001
12158183
12159118
12160395
12161242
12162346
12163228
12164421
12165304
12167385
12168265
12169352
12170451
12156155
12156979
12158027
12158197
12159127
12160410
12161241
12162341
12163244
12164420
12165282
12167372
12168255
12169385
12170290
12156172
12156990
2952238624
12158091
12158992
12159225
12160286
12161330
12162220
12163335
12164246
12165394
12166279
12168352
12169235
12170357
12156116
12157052
12158063
12159080
12159174
12160336
12161283
12162265
12163251
2952239262
12164275
12165311
12166317
12168279
12169270
12170284
12156054
12156954
12157946
12158974
12160223
12160261
12161206
2
ref
D 45A
highway
secondary
4247559
8
15984684
sergio7826
411998
2013-05-05T13:47:27Z
4
25415212
2292420989
2292420991
987751225
3
ref
D 48
oneway
yes
highway
secondary
4878208
8
41354842
jseigneuret
675449
2016-08-09T21:04:20Z
9
2016906916
12166033
12165250
516556962
12164233
4343591600
12163438
12170096
661574334
4
ref
D 1559
oneway
no
highway
secondary
maxspeed
70
